2.00
2.00
2.00
2.00
2.00
2.00
2.00
2.00
2.00
2.00
2.00
2.00
2.00
4.80
4.80
4.80
4.80
4.80
4.80
4.80
4.80
4.80
4.80
4.80
4.80
4.80
4.80
4.80
4.80
4.17
4.17
3.71
3.71
3.71
3.56
3.56
3.56
3.56
3.56
3.56
3.56
3.56
3.56
3.56
3.56
3.56
3.56
3.56
3.56
3.56
3.56
3.56
3.56
3.56
3.56
3.56
3.56
3.56
3.56
3.56
3.56
3.56
3.56
3.56
3.56
3.56
3.56
3.56
3.56
3.56
3.56
3.56
3.56
3.56
3.56
3.56
3.56
3.56
3.56
3.56
3.56
3.56
3.56
3.56
3.56
3.56
3.56
3.56
3.30
3.30
3.30
3.30
3.30
3.30
3.30
3.30
3.30
3.30
3.30
3.30
3.30
3.25
3.25
3.25
3.08
3.08
3.08
3.08
3.08
3.08
3.08
3.08
3.08
3.08
3.08
3.08
3.08
3.08
3.08
3.08
2.93
2.93
2.93
2.93
2.93
2.93
2.93
2.93
2.93
2.93
2.93
2.93
2.93
2.93
2.93
2.93
2.93
3.07
3.07
3.07
3.07
3.07
3.07
3.07
3.07
3.07
3.07
3.07
3.07
3.07
3.07
3.07
3.07
3.07
3.07
3.07
3.07
3.07
3.07
2.94
2.94
2.94
2.94
2.94
2.94
2.94
2.94
2.94
2.94
2.94
2.94
2.94
2.94
2.94
2.94
2.94
3.37
3.37
3.37
3.37
3.37
3.37
3.37
3.37
3.37
3.37
3.37
3.37
3.37
3.37
3.37
3.37
3.37
3.68
3.68
3.68
3.68
3.68
3.68
3.68
3.68
3.68
3.68
3.68
3.68
3.68
3.68
3.68
3.68
3.68
3.68
3.68
3.68
3.68
3.68
3.71
3.71
3.71
3.65
3.65
3.54
3.54
3.54
3.54
3.54
3.54
3.54
3.54
3.54
3.54
3.44
3.44
3.44
3.44
3.44
3.44
3.44
3.44
3.44
3.44
3.44
3.44
3.44
3.44
3.44
3.44
3.44
3.44
3.44
3.44
3.44
3.44
3.44
3.44
3.44
3.44
3.44
3.44
3.44
3.44
3.44
3.44
3.44
3.35
3.35
3.35
3.35
3.27
3.27
3.27
3.26
3.26
3.26
3.26
3.26
3.26
3.26
3.26
3.26
3.26
3.26
3.26
3.26
3.26
3.26
3.26
3.26
3.26
3.26
3.26
3.26
3.26
3.19
3.19
3.19
3.19
3.19
3.19
3.19
3.19
3.19
3.19
3.19
3.19
3.19
3.19
3.19
3.19
3.19
3.19
3.19
3.19
3.19
3.19
3.19
3.19
3.19
3.19
3.19
3.19
3.19
3.19
3.19
3.19
3.19
3.19
3.19
3.19
3.19
3.19
3.19
3.19
3.19
3.19
3.19
3.19
3.19
3.19
3.19
3.19
3.19
3.19
3.19
3.19
3.19
3.11
3.11
3.11
3.11
3.11
3.11
3.11
3.11
3.11
3.05
3.05
3.05
3.05
3.05
3.05
3.05
3.05
3.05
3.05
3.05
3.05
3.05
3.05
3.05
3.05
3.05
3.05
3.05
3.05
3.05
3.05
3.05
3.34
3.34
3.34
3.34
3.34
3.34
3.34
3.34
3.34
3.34
3.34
3.34
3.34
3.34
3.34
3.34
3.34
3.34
3.34
3.34
3.34
3.34
3.34
3.34
3.34
3.34
3.34
3.34
3.34
3.34
3.34
3.34
3.34
3.34
3.34
3.34
3.34
3.29
3.29
3.29
3.29
3.23
3.23
3.23
3.23
3.23
3.23
3.23
3.23
3.23
3.23
3.23
3.23
3.23
3.23
3.23
3.23
3.23
3.23
3.23
3.28
3.28
3.28
3.28
3.28
3.28
3.28
3.28
3.28
3.28
3.28
3.28
3.28
3.28
3.28
3.28
3.28
3.28
3.37
3.37
3.37
3.37
3.37
3.36
3.36
3.35
3.35
3.35
3.35
3.35
3.35
3.35
3.35
3.30
3.30
3.30
3.30
3.30
3.30
3.30
3.30
3.30
3.30
3.30
3.30
3.30
3.30
3.30
3.24
3.24
3.24
3.24
3.24
3.24
3.24
3.24
3.24
3.24
3.24
3.24
3.24
3.24
3.24
3.24
3.24
3.23
3.23
3.23
3.23
3.23
3.23
3.23
3.19
3.19
3.27
3.22
3.22
3.22
3.22
3.22
3.22
3.22
3.22
3.22
3.22
3.22
3.22
3.22
3.22
3.18
3.18
3.18
3.18
3.18
3.18
3.18
3.18
3.18
3.18
3.18
3.18
3.18
3.18
3.18
3.18
3.18
3.18
3.18
3.18
3.18
3.29
3.29
3.29
3.29
3.29
3.29
3.29
3.29
3.29
3.29
3.29
3.29
3.29
3.29
3.29
3.29
3.29
3.29
3.29
3.29
3.29
3.29
3.29
3.29
3.35
3.31
3.31
3.31
3.31
3.31
3.31
3.31
3.31
3.31
3.31
3.27
3.27
3.27
3.27
3.27
3.27
3.27
3.27
3.27
3.27
3.27
3.27
3.27
3.27
3.27
3.27
3.27
3.27
3.27
3.27
3.27
3.27
3.27
3.27
3.27
3.27
3.27
3.27
3.27
3.27
3.27
3.27
3.27
3.27
3.27
3.27
3.27
3.27
3.27
3.27
3.27
3.27
3.27
3.27
3.27
3.27
3.27
3.27
3.27
3.27
3.27
3.27
3.27
3.27
3.27
3.27
3.27
3.27
3.27
3.27
3.27
3.27
3.27
3.27
3.27
3.27
3.27
3.27
3.27
3.27
3.27
3.27
3.27
3.27
3.27
3.26
3.26
3.32
3.28
3.28
3.28
3.28
3.25
3.25
3.25
3.25
3.25
3.25
3.25
3.25
3.25
3.25
3.25
3.25
3.25
3.25
3.25
3.25
3.25
3.25
3.25
3.25
3.25
3.25
3.25
3.25
3.25
3.25
3.25
3.25
3.25
3.25
3.25
3.25
3.25
3.25
3.25
3.25
3.25
3.25
3.25
3.25
3.25
3.25
3.25
3.25
3.25
3.25
3.25
3.25
3.25
3.25
3.25
3.31
3.31
3.31
3.31
3.31
3.31
3.31
3.31
3.31
3.31
3.31
3.31
3.31
3.31
3.31
3.31
3.31
3.31
3.31
3.31
3.31
3.31
3.31
3.31
3.31
3.31
3.31
3.31
3.31
3.31
3.31
3.31
3.31
3.31
3.31
3.31
3.31
3.31
3.31
3.34
3.34
3.34
3.34
3.34
3.34
3.34
3.34
3.34
3.34
3.34
3.34
3.34
3.34
3.34
3.34
3.34
3.34
3.34
3.34
3.34
3.34
3.34
3.30
3.30
3.30
3.30
3.30
3.30
3.30
3.30
3.38
3.38
3.38
3.38
3.38
3.38
3.38
3.38
3.38
3.38
3.38
3.38
3.38
3.38
3.38
3.38
3.38
3.38
3.38
3.38
3.38
3.38
3.38
3.38
3.38
3.38
3.38
3.38
3.38
3.38
3.38
3.38
3.38
3.38
3.38
3.38
3.38
3.38
3.34
3.34
3.34
3.34
3.34
3.34
3.34
3.34
3.34
3.34
3.34
3.34
3.34
3.34
3.34
3.34
3.34
3.34
3.34
3.34
3.34
3.34
3.34
3.34
3.34
3.34
3.34
3.34
3.34
3.34
3.34
3.33
3.33
3.33
3.33
3.33
3.33
3.33
3.33
3.33
3.33
3.33
3.33
3.33
3.33
3.33
3.33
3.33
3.33
3.33
3.33
3.33
3.33
3.33
3.33
3.33
3.33
3.33
3.33
3.30
3.30
3.30
3.30
3.30
3.30
3.30
3.30
3.29
3.29
3.29
3.28
3.28
3.28
3.33
3.33
3.33
3.33
3.33
3.33
3.33
3.33
3.31
3.31
3.31
3.31
3.31
3.31
3.31
3.31
3.28
3.28
3.28
3.28
3.28
3.28
3.28
3.28
3.25
3.25
3.25
3.25
3.25
3.25
3.25
3.25
3.25
3.25
3.25
3.25
3.25
3.25
3.25
3.25
3.25
3.25
3.24
3.24
3.24
3.24
3.24
3.24
3.24
3.24
3.24
3.24
3.24
3.24
3.24
3.24
3.24
3.27
3.27
3.27
3.27
3.37
3.35
3.35
3.35
3.35
3.35
3.35
3.35
3.35
3.35
3.35
3.35
3.35
3.34
3.34
3.33
3.33
3.33
3.33
3.33
3.33
3.33
3.33
3.33
3.33
3.33
3.33
3.33
3.33
3.33
3.33
3.33
3.33
3.33
3.33
3.35
3.35
3.35
3.35
3.35
3.35
3.35
3.35
3.40
3.40
3.40
3.40
3.40
3.40
3.40
3.40
3.40
3.40
3.40
3.40
3.40
3.40
3.40
3.40
3.40
3.40
3.47
3.47
3.47
3.47
3.47
3.47
3.47
3.47
3.57
3.57
3.57
3.57
3.57
3.57
3.57
3.57
3.57
3.57
3.57
3.59
3.59
3.60
3.60
3.60
3.60
3.60
3.60
3.64
3.64
3.64
3.64
3.64
3.64
3.64
3.64
3.64
3.64
3.64
3.64
3.64
3.64
3.64
3.64
3.64
3.64
3.64
3.64
3.64
3.64
3.64
3.64
3.64
3.64
3.64
3.64
3.64
3.64
3.64
3.64
3.64
3.64
3.64
3.64
3.64
3.64
3.64
3.64
3.64
3.64
3.64
3.64
3.64
3.64
3.64
3.64
3.64
3.64
3.64
3.64
3.61
3.61
3.61
3.61
3.61
3.61
3.61
3.61
3.61
3.61
3.61
3.61
3.61
3.61
3.61
3.61
3.61
3.61
3.61
3.61
3.61
3.61
3.61
3.61
3.61
3.61
3.61
3.61
3.61
3.61
3.61
3.61
3.61
3.61
3.61
3.61
3.61
3.59
3.59
3.59
3.59
3.59
3.59
3.59
3.59
3.59
3.59
3.59
3.59
3.62
3.62
3.62
3.62
3.62
3.62
3.62
3.62
3.62
3.62
3.62
3.62
3.62
3.62
3.62
3.62
3.62
3.62
3.62
3.62
3.62
3.62
3.62
3.62
3.62
3.62
3.61
3.61
3.61
3.61
3.61
3.61
3.61
3.61
3.61
3.61
3.61
3.61
3.61
3.61
3.61
3.61
3.61
3.61
3.61
3.61
3.61
3.61
3.61
3.61
3.61
3.61
3.61
3.61
3.61
3.61
3.61
3.61
3.61
3.61
3.61
3.61
3.61
3.61
3.61
3.61
3.61
3.61
3.61
3.61
3.61
3.61
3.61
3.61
3.61
3.61
3.61
3.61
3.61
3.61
3.61
3.61
3.61
3.61
3.61
3.61
3.61
3.61
3.61
3.61
3.61
3.61
3.61
3.61
3.61
3.61
3.61
3.61
3.61
3.59
3.59
3.59
3.59
3.59
3.59
3.59
3.59
3.59
3.59
3.59
3.59
3.59
3.59
3.59
3.59
3.59
3.59
3.59
3.59
3.59
3.59
3.59
3.59
3.59
3.59
3.59
3.59
3.59
3.59
3.59
3.59
3.59
3.59
3.59
3.59
3.59
3.56
3.56
3.56
3.56
3.56
3.56
3.56
3.56
3.56
3.56
3.56
3.56
3.56
3.56
3.56
3.56
3.54
3.54
3.54
3.54
3.54
3.54
3.54
3.54
3.54
3.54
3.54
3.54
3.54
3.54
3.54
3.54
3.54
3.54
3.54
3.54
3.54
3.54
3.54
3.54
3.54
3.54
3.54
3.54
3.54
3.54
3.54
3.54
3.54
3.54
3.54
3.54
3.52
3.52
3.52
3.52
3.52
3.52
3.52
3.52
3.52
3.52
3.52
3.52
3.52
3.52
3.52
3.52
3.52
3.50
3.50
3.50
3.50
3.47
3.47
3.47
3.47
3.47
3.47
3.47
3.47
3.47
3.47
3.47
3.47
3.47
3.47
3.47
3.46
3.46
3.46
3.46
3.46
3.46
3.46
3.46
3.46
3.46
3.46
3.46
3.46
3.46
3.46
3.46
3.46
3.46
3.46
3.46
3.46
3.46
3.46
3.44
3.44
3.44
3.44
3.44
3.44
3.44
3.44
3.42
3.42
3.42
3.42
3.42
3.42
3.42
3.42
3.42
3.42
3.42
3.42
3.42
3.42
3.42
3.42
3.42
3.42
3.42
3.42
3.41
3.41
3.41
3.41
3.41
3.48
3.48
3.48
3.48
3.48
3.48
3.48
3.48
3.48
3.48
3.48
3.48
3.48
3.48
3.48
3.48
3.48
3.48
3.48
3.48
3.48
3.48
3.48
3.48
3.48
3.48
3.48
3.47
3.47
3.47
3.47
3.47
3.47
3.47
3.47
3.47
3.47
3.47
3.47
3.47
3.47
3.45
3.45
3.45
3.45
3.45
3.45
3.45
3.45
3.45
3.45
3.45
3.43
3.43
3.43
3.43
3.43
3.43
3.43
3.43
3.46
3.46
3.46
3.46
3.46
3.46
3.51
3.51
3.51
3.51
3.51
3.51
3.51
3.51
3.51
3.49
3.49
3.49
3.49
3.49
3.49
3.49
3.49
3.49
3.49
3.49
3.49
3.48
3.48
3.48
3.46
3.46
3.46
3.49
3.49
3.49
3.49
3.49
3.49
3.49
3.52
3.52
3.52
3.52
3.52
3.52
3.52
3.52
3.52
3.52
3.52
3.52
3.52
3.52
3.52
3.52
3.52
3.52
3.52
3.52
3.52
3.52
3.52
3.52
3.52
3.52
3.52
3.52
3.52
3.52
3.52
3.52
3.52
3.52
3.52
3.52
3.52
3.52
3.52
3.52
3.52
3.52
3.52
3.52
3.52
3.52
3.54
3.54
3.54
3.54
3.54
3.54
3.54
3.54
3.54
3.54
3.55
3.55
3.55
3.55
3.55
3.55
3.55
3.55
3.55
3.55
3.55
3.55
3.55
3.55
3.55
3.55
3.55
3.55
3.55
3.55
3.55
3.55
3.55
3.55
3.55
3.55
3.55
3.55
3.55
3.55
3.56
3.56
3.56
3.56
3.56
3.56
3.56
3.56
3.56
3.56
3.56
3.56
3.56
3.56
3.56
3.56
3.56
3.56
3.56
3.56
3.56
3.56
3.56
3.56
3.56
3.56
3.56
3.56
3.56
3.57
3.58
3.58
3.58
3.58
3.58
3.58
3.58
3.58
3.58
3.58
3.58
3.58
3.58
3.56
3.54
3.53
3.53
3.53
3.53
3.53
3.53
3.53
3.53
3.53
3.53
3.53
3.53
3.53
3.53
3.53
3.53
3.58
3.58
3.58
3.58
3.58
3.58
3.58
3.58
3.58
3.58
3.58
3.58
3.58
3.58
3.58
3.58
3.58
3.58
3.58
3.58
3.58
3.57
3.57
3.57
3.57
3.57
3.57
3.57
3.57
3.57
3.57
3.57
3.57
3.57
3.57
3.57
3.57
3.57
3.57
3.57
3.57
3.57
3.57
3.57
3.57
3.57
3.57
3.55
3.56
3.56
3.56
3.56
3.56
3.56
3.56
3.56
3.56
3.56
3.56
3.56
3.56
3.56
3.56
3.56
3.56
3.56
3.56
3.56
3.56
3.56
3.56
3.56
3.56
3.56
3.56
3.56
3.56
3.56
3.56
3.56
3.56
3.56
3.56
3.54
3.54
3.54
3.54
3.54
3.54
3.54
3.58
3.58
3.58
3.58
3.58
3.58
3.58
3.58
3.58
3.58
3.58
3.58
3.58
3.58
3.58
3.58
3.58
3.58
3.58
3.58
3.58
3.58
3.58
3.58
3.58
3.58
3.58
3.58
3.58
3.58
3.58
3.58
3.58
3.58
3.58
3.58
3.58
3.58
3.58
3.58
3.58
3.58
3.58
3.58
3.58
3.58
3.58
3.58
3.58
3.58
3.58
3.68
3.68
3.68
3.68
3.68
3.68
3.68
3.68
3.68
3.68
3.68
3.68
3.68
3.68
3.68
3.68
3.68
3.68
3.68
3.68
3.68
3.68
3.68
3.68
3.68
3.68
3.68
3.66
3.66
3.66
3.66
3.66
3.67
3.67
3.67
3.67
3.67
3.67
3.67
3.67
3.67
3.67
3.67
3.67
3.67
3.67
3.67
3.67
3.67
3.67
3.67
3.65
3.65
3.65
3.65
3.65
3.65
3.65
3.65
3.65
3.65
3.64
3.64
3.64
3.64
3.64
3.63
3.63
3.63
3.63
3.63
3.63
3.63
3.63
3.63
3.63
3.62
3.62
3.62
3.62
3.62
3.62
3.62
3.60
3.59
3.59
3.59
3.59
3.59
3.59
3.59
3.59
3.59
3.59
3.59
3.59
3.59
3.59
3.59
3.59
3.59
3.59
3.59
3.59
3.59
3.59
3.59
3.59
3.59
3.59
3.59
3.59
3.59
3.57
3.57
3.57
3.57
3.57
3.57
3.57
3.57
3.57
3.57
3.57
3.57
3.57
3.57
3.57
3.57
3.57
3.57
3.57
3.57
3.57
3.57
3.57
3.57
3.57
3.57
3.57
3.57
3.57
3.57
3.57
3.57
3.57
3.57
3.55
3.55
3.55
3.55
3.55
3.55
3.55
3.55
3.55
3.55
3.55
3.55
3.55
3.55
3.55
3.55
3.55
3.55
3.55
3.55
3.55
3.55
3.55
3.55
3.55
3.55
3.55
3.55
3.55
3.55
3.55
3.55
3.55
3.55
3.55
3.55
3.55
3.55
3.55
3.55
3.55
3.55
3.55
3.55
3.55
3.55
3.55
3.55
3.55
3.55
3.55
3.55
3.55
3.55
3.55
3.57
3.57
3.57
3.57
3.57
3.57
3.57
3.57
3.57
3.57
3.57
3.57
3.57
3.57
3.57
3.57
3.57
3.57
3.57
3.57
3.57
3.57
3.57
3.57
3.59
3.59
3.59
3.59
3.59
3.59
3.59
3.59
3.59
3.59
3.59
3.59
3.59
3.62
3.62
3.62
3.62
3.62
3.62
3.62
3.62
3.62
3.62
3.62
3.62
3.62
3.62
3.62
3.61
3.60
3.60
3.60
3.60
3.60
3.60
3.60
3.60
3.60
3.60
3.60
3.60
3.60
3.60
3.60
3.60
3.60
3.60
3.60
3.60
3.60
3.58
3.58
3.58
3.58
3.58
3.58
3.58
3.58
3.58
3.58
3.58
3.58
3.58
3.58
3.58
3.56
3.56
3.56
3.56
3.56
3.56
3.56
3.56
3.56
3.56
3.56
3.56
3.56
3.56
3.56
3.56
3.56
3.56
3.56
3.56
3.56
3.56
3.56
3.56
3.56
3.56
3.56
3.56
3.56
3.56
3.56
3.56
3.56
3.56
3.58
3.58
3.58
3.58
3.58
3.58
3.58
3.58
3.62
3.62
3.62
3.62
3.62
3.62
3.62
3.62
3.62
3.62
3.62
3.62
3.62
3.62
3.62
3.62
3.62
3.62
3.65
3.65
3.65
3.65
3.65
3.63
3.63
3.63
3.63
3.63
3.63
3.63
3.63
3.63
3.63
3.63
3.63
3.63
3.63
3.63
3.63
3.63
3.63
3.63
3.63
3.65
3.65
3.65
3.65
3.65
3.65
3.65
3.65
3.65
3.65
3.65
3.65
3.65
3.65
3.65
3.65
3.65
3.65
3.65
3.65
3.65
3.65
3.65
3.65
3.65
3.65
3.65
3.65
3.65
3.65
3.65
3.65
3.65
3.66
3.65
3.65
3.65
3.65
3.65
3.65
3.65
3.65
3.65
3.65
3.65
3.65
3.65
3.63
3.63
3.63
3.63
3.63
3.63
3.63
3.63
3.65
3.65
3.65
3.65
3.65
3.65
3.65
3.65
3.65
3.66
3.66
3.66
3.66
3.66
3.66
3.66
3.66
3.66
3.66
3.66
3.66
3.67
3.67
3.67
3.67
3.67
3.67
3.67
3.69
3.69
3.69
3.69
3.69
3.69
3.69
3.69
3.69
3.69
3.69
3.69
3.69
3.69
3.69
3.69
3.67
3.67
3.67
3.67
3.67
3.67
3.67
3.67
3.67
3.67
3.67
3.67
3.67
3.67
3.65
3.65
3.65
3.65
3.65
3.65
3.65
3.65
3.65
3.65
3.65
3.65
3.65
3.65
3.65
3.65
3.65
3.65
3.65
3.65
3.65
3.65
3.65
3.65
3.65
3.65
3.65
3.65
3.65
3.65
3.65
3.65
3.65
3.65
3.65
3.65
3.65
3.65
3.65
3.65
3.65
3.65
3.65
3.65
3.65
3.65
3.65
3.65
3.65
3.65
3.65
3.65
3.65
3.65
3.65
3.65
3.65
3.65
3.65
3.65
3.65
3.65
3.65
3.65
3.65
3.65
3.65
3.65
3.65
3.65
3.65
3.65
3.65
3.65
3.64
3.64
3.64
3.64
3.64
3.63
3.63
3.63
3.63
3.63
3.63
3.63
3.63
3.63
3.63
3.63
3.63
3.63
3.63
3.63
3.63
3.63
3.63
3.63
3.63
3.63
3.63
3.63
3.63
3.63
3.63
3.63
3.63
3.63
3.63
3.63
3.63
3.63
3.63
3.66
3.66
3.66
3.66
3.66
3.66
3.66
3.66
3.66
3.66
3.66
3.66
3.66
3.66
3.66
3.66
3.65
3.65
3.65
3.63
3.63
3.63
3.63
3.62
3.62
3.62
3.62
3.62
3.62
3.62
3.62
3.62
3.63
3.63
3.63
3.63
3.63
3.63
3.63
3.63
3.63
3.63
3.63
3.63
3.63
3.63
3.63
3.63
3.63
3.63
3.63
3.63
3.63
3.63
3.63
3.63
3.63
3.63
3.63
3.63
3.63
3.63
3.63
3.63
3.63
3.63
3.63
3.63
3.63
3.63
3.63
3.63
3.63
3.63
3.63
3.63
3.63
3.63
3.63
3.63
3.63
3.63
3.63
3.63
3.63
3.61
3.61
3.61
3.61
3.61
3.61
3.61
3.61
3.60
3.60
3.60
3.61
3.61
3.61
3.61
3.61
3.61
3.61
3.61
3.61
3.61
3.61
3.61
3.61
3.61
3.61
3.61
3.61
3.61
3.61
3.61
3.61
3.61
3.61
3.61
3.61
3.61
3.61
3.61
3.61
3.61
3.61
3.61
3.61
3.61
3.61
3.61
3.61
3.61
3.61
3.61
3.61
3.61
3.61
3.61
3.61
3.61
3.61
3.61
3.61
3.61
3.61
3.61
3.61
3.61
3.61
3.61
3.61
3.61
3.61
3.60
3.60
3.60
3.60
3.60
3.60
3.60
3.60
3.60
3.60
3.60
3.60
3.60
3.59
3.59
3.59
3.59
3.59
3.59
3.59
3.59
3.59
3.69
3.69
3.69
3.69
3.69
3.69
3.69
3.69
3.69
3.69
3.69
3.69
3.69
3.69
3.69
3.69
3.69
3.69
3.69
3.69
3.69
3.69
3.69
3.69
3.69
3.69
3.69
3.69
3.69
3.69
3.69
3.69
3.69
3.69
3.69
3.69
3.69
3.69
3.69
3.69
3.69
3.69
3.69
3.69
3.69
3.69
3.69
3.69
3.69
3.69
3.69
3.69
3.69
3.67
3.67
3.67
3.67
3.67
3.77
3.77
3.77
3.77
3.77
3.77
3.77
3.77
3.77
3.77
3.77
3.77
3.77
3.77
3.77
3.77
3.77
3.77
3.77
3.77
3.77
3.77
3.77
3.77
3.77
3.77
3.77
3.77
3.77
3.77
3.77
3.77
3.77
3.77
3.77
3.77
3.77
3.77
3.77
3.77
3.77
3.77
3.77
3.77
3.77
3.77
3.77
3.77
3.77
3.77
3.77
3.75
3.75
3.77
3.77
3.77
3.77
3.77
3.77
3.77
3.77
3.77
3.77
3.77
3.77
3.77
3.77
3.77
3.77
3.77
3.77
3.77
3.77
3.77
3.77
3.77
3.77
3.77
3.77
3.77
3.77
3.75
3.75
3.75
3.75
3.75
3.75
3.75
3.75
3.75
3.75
3.75
3.75
3.75
3.74
3.74
3.74
3.74
3.74
3.74
3.74
3.74
3.74
3.74
3.74
3.74
3.74
3.74
3.74
3.74
3.74
3.74
3.74
3.74
3.74
3.74
3.74
3.74
3.74
3.74
3.74
3.74
3.74
3.74
3.74
3.74
3.74
3.74
3.74
3.74
3.74
3.74
3.74
3.74
3.74
3.74
3.74
3.74
3.74
3.74
3.74
3.74
3.74
3.74
3.74
3.74
3.74
3.74
3.74
3.74
3.74
3.74
3.74
3.73
3.73
3.73
3.73
3.73
3.73
3.72
3.72
3.72
3.72
3.72
3.72
3.72
3.72
3.72
3.72
3.72
3.72
3.72
3.72
3.72
3.72
3.72
3.72
3.72
3.72
3.72
3.73
3.74
3.74
3.74
3.74
3.74
3.74
3.74
3.74
3.74
3.74
3.74
3.74
3.74
3.74
3.74
3.74
3.74
3.74
3.74
3.74
3.74
3.74
3.74
3.74
3.74
3.74
3.72
3.72
3.72
3.71
3.71
3.71
3.71
3.71
3.71
3.71
3.71
3.71
3.71
3.71
3.71
3.71
3.71
3.71
3.71
3.71
3.71
3.70
3.70
3.70
3.70
3.70
3.70
3.70
3.70
3.70
3.70
3.70
3.70
3.70
3.70
3.70
3.70
3.70
3.70
3.70
3.70
3.70
3.70
3.70
3.70
3.70
3.70
3.70
3.70
3.70
3.70
3.70
3.70
3.93
3.93
3.93
3.93
3.93
3.93
3.93
3.93
3.90
3.90
3.90
3.90
3.90
3.90
3.90
3.88
3.88
3.88
3.88
3.88
3.88
3.88
3.88
3.88
3.88
3.88
3.88
3.88
3.88
3.88
3.88
3.88
3.89
3.89
3.89
3.89
3.89
3.89
3.87
3.85
3.85
3.85
3.85
3.85
3.85
3.85
3.85
3.85
3.85
3.85
3.85
3.85
3.85
3.85
3.82
3.82
3.82
3.82
3.81
3.43
3.43
3.43
3.43
3.43
3.43
3.43
3.43
3.43
3.34
3.34
3.34
3.34
3.34
3.34
3.34
3.34
3.34
3.34
3.34
3.34
3.34
3.34
3.34
3.34
3.34
3.34
3.34
3.34
3.34
3.34
3.34
3.34
3.34
3.34
3.34
3.34
3.34
3.31
3.31
3.31
3.31
3.31
3.31
3.31
3.31
3.31
3.31
3.31
3.31
3.31
3.31
3.31
3.31
3.31
3.31
3.31
3.31
3.31
3.31
3.31
3.31
3.31
3.31
3.31
3.31
3.31
3.31
3.31
3.31
3.31
3.31
3.31
3.31
3.31
3.31
3.31
3.31
3.31
3.31
3.31
3.31
3.31
3.17
3.17
3.17
3.49
3.49
3.49
3.49
3.49
3.57
3.57
3.57
3.57
3.57
3.57
3.57
3.57
3.57
3.62
3.58
3.58
3.58
3.58
3.58
3.58
3.58
3.58
3.58
3.58
3.58
3.58
3.58
3.58
3.58
3.58
3.58
3.58
3.58
3.58
3.58
3.58
3.58
3.58
3.91
3.91
3.91
3.91
3.91
3.91
3.91
3.91
3.91
3.91
3.91
3.91
3.69
3.69
3.50
3.50
3.50
3.50
3.50
3.50
3.50
3.50
3.50
3.50
3.50
3.50
3.50
3.50
3.50
3.50
3.50
3.50
3.50
3.50
3.50
3.50
3.50
3.50
3.50
3.50
3.50
3.50
3.50
3.50
3.50
3.50
3.50
3.50
3.50
3.50
3.44
3.44
3.44
3.44
3.39
3.39
3.39
3.39
3.39
3.39
3.39
3.39
3.39
3.39
3.39
3.39
3.39
3.39
3.39
3.39
3.39
3.39
3.39
4.19
4.19
4.19
4.19
4.19
4.19
4.19
4.19
4.19
4.05
4.05
4.05
4.05
4.05
4.05
4.05
4.05
4.05
4.05
4.05
4.05
4.05
4.05
4.05
4.05
3.91
3.91
3.91
3.91
3.91
3.91
3.91
3.91
3.91
3.91
3.91
3.91
3.91
3.91
3.91
3.79
3.81
3.81
3.81
3.81
3.81
3.81
3.81
3.81
3.81
3.81
3.81
3.81
3.81
3.81
3.81
3.81
3.81
3.81
3.81
3.81
3.81
3.93
3.82
3.82
3.82
3.82
3.82
3.82
3.82
3.82
4.39
4.39
4.39
4.39
4.41
4.41
4.41
4.41
4.41
4.41
4.41
4.41
4.41
4.41
4.41
4.41
4.41
4.41
4.41
4.41
4.41
4.41
4.49
4.49
4.49
4.49
4.49
4.49
4.49
4.49
4.49
4.49
4.48
4.48
4.48
4.48
4.48
4.48
4.48
4.48
4.48
4.48
4.48
4.48
4.48
4.48
4.48
4.48
4.48
4.48
4.48
4.48
4.38
4.38
4.38
4.38
4.38
4.38
4.38
4.38
4.38
4.38
4.38
4.38
4.38
4.29
4.29
4.29
4.29
4.29
4.29
4.29
4.29
4.29
4.29
4.29
4.29
4.29
4.29
4.29
4.29
4.21
4.21
4.21
4.21
4.21
4.21
4.21
4.21
4.21
4.21
4.21
4.21
4.21
4.21
4.21
4.21
4.21
4.21
4.21
4.21
4.21
4.21
4.21
4.21
4.21
4.21
4.21
4.21
4.21
4.21
4.21
4.21
4.21
4.21
4.21
4.21
4.21
4.21
4.21
4.21
4.21
4.21
4.21
4.21
4.21
4.21
4.13
4.13
4.13
4.13
4.13
4.13
4.13
4.13
4.13
4.13
4.13
4.13
4.13
4.13
4.13
4.13
4.13
4.10
4.10
4.10
4.10
4.10
4.10
4.10
4.10
4.28
4.28
4.28
4.28
4.28
4.28
4.28
4.28
4.28
4.28
4.28
4.28
4.28
4.13
4.13
4.13
4.13
4.13
4.13
4.13
4.13
4.13
4.13
4.24
4.24
4.24
4.24
4.24
4.24
4.24
4.21
4.21
4.21
4.21
4.21
4.21
4.21
4.21
4.21
4.21
4.21
4.21
4.21
4.21
4.21
4.21
4.21
4.21
4.21
4.21
4.21
4.21
4.21
4.21
4.21
4.21
4.21
4.21
4.21
4.21
4.21
4.10
4.10
4.10
4.10
4.10
4.10
4.10
4.10
4.10
4.10
4.10
4.10
4.10
4.10
4.10
4.10
4.10
4.10
4.10
4.10
4.10
4.10
4.10
4.10
4.10
4.10
4.10
4.10
4.10
4.10
4.10
4.10
4.10
4.10
4.10
4.10
4.10
4.10
4.10
4.10
4.10
4.00
4.00
4.00
3.94
3.94
3.94
3.94
3.94
3.94
3.94
3.85
3.85
3.85
3.85
3.85
3.85
3.85
3.85
3.85
3.85
3.85
3.85
3.85
3.85
3.85
3.85
3.85
3.85
3.85
3.85
3.85
3.85
3.85
3.85
3.85
3.85
3.85
3.85
3.85
3.85
3.85
3.85
3.85
3.85
3.85
3.85
3.85
3.94
3.94
3.94
3.94
3.94
3.94
3.94
3.94
3.94
3.94
3.94
3.94
3.94
3.94
3.94
3.94
3.94
3.94
3.94
3.94
3.86
3.86
3.86
3.86
3.86
3.86
3.86
3.86
3.86
3.86
3.86
3.86
3.86
3.86
3.86
3.86
3.86
3.86
3.86
3.86
3.86
3.86
3.86
3.86
3.86
3.82
3.82
3.82
3.82
3.82
3.82
3.82
3.82
3.82
3.82
3.82
3.82
3.82
3.82
3.82
3.82
3.82
3.82
3.82
3.82
3.82
3.82
3.82
3.82
3.78
3.78
3.78
3.78
3.78
3.78
3.78
3.78
3.78
3.78
3.78
3.78
3.78
3.78
3.78
3.78
3.78
3.78
3.86
3.86
3.86
3.86
3.86
3.86
3.86
3.86
4.00
4.00
4.00
4.00
4.00
4.02
4.02
4.02
4.02
4.02
4.02
4.02
4.02
4.02
4.02
4.02
4.02
4.02
4.02
4.02
4.02
4.02
4.02
4.02
4.02
4.04
4.04
4.04
4.04
4.04
4.06
4.06
4.06
4.45
4.45
4.45
4.45
4.45
4.45
4.45
4.45
4.45
4.45
4.45
4.45
4.45
4.45
4.45
4.45
4.45
4.45
4.45
4.45
4.45
4.45
4.45
4.45
4.45
4.45
4.45
4.45
4.45
4.45
4.45
4.45
4.45
4.45
4.50
4.50
4.50
4.53
4.53
4.53
4.53
4.53
4.53
4.53
4.53
4.53
4.53
4.53
4.53
4.54
4.54
4.54
4.57
4.57
4.57
4.57
4.57
4.57
4.57
4.57
4.57
4.57
4.57
4.57
4.57
4.57
4.57
4.57
4.57
4.57
4.57
4.57
4.57
4.57
4.57
4.57
4.57
4.57
4.57
4.57
4.57
4.57
4.57
4.57
4.57
4.57
4.57
4.57
4.57
4.57
4.57
4.57
4.50
4.50
4.50
4.50
4.50
4.50
4.50
4.50
4.50
4.50
4.50
4.50
4.50
4.50
4.50
4.50
4.50
4.50
4.44
4.44
4.44
4.44
4.44
4.39
4.39
4.39
4.39
4.39
4.39
4.39
4.33
4.33
4.33
4.33
4.33
4.27
4.27
4.27
4.27
4.27
4.27
4.22
4.22
4.22
4.22
4.22
4.22
4.22
4.22
4.22
4.22
4.22
4.22
4.22
4.22
4.22
4.22
4.22
4.22
4.22
4.22
4.22
4.22
4.22
4.22
4.18
4.18
4.18
4.34
4.34
4.34
4.34
4.34
4.34
4.34
4.34
4.34
4.34
4.34
4.34
4.29
4.29
4.29
4.29
4.29
4.29
4.29
4.29
4.29
4.29
4.28
4.28
4.28
4.24
4.24
4.24
4.24
4.24
4.24
4.24
4.24
4.24
4.24
4.30
4.30
4.30
4.30
4.30
4.26
4.03
4.03
4.03
4.03
4.03
4.03
4.03
4.03
4.03
4.03
4.03
4.03
4.03
4.03
4.03
4.03
4.03
4.03
4.03
4.03
4.03
4.03
4.03
4.03
4.03
4.03
4.03
4.03
4.03
4.00
4.00
4.00
4.00
4.00
4.00
4.00
4.00
4.00
4.00
4.00
4.00
4.00
4.00
4.00
4.00
4.00
4.00
4.00
3.95
3.95
3.95
3.95
3.95
3.95
3.95
3.95
3.95
3.95
3.95
3.95
3.95
3.95
3.95
3.95
3.95
3.95
3.88
3.88
3.82
3.82
3.82
3.82
3.82
3.82
3.76
3.76
3.76
3.76
3.76
3.76
3.76
3.76
3.76
3.76
3.76
3.76
3.76
3.76
3.76
3.76
3.76
3.70
3.70
3.70
3.70
3.70
3.70
3.70
3.70
3.70
3.70
3.70
3.70
3.70
3.70
3.70
3.70
3.70
3.70
3.70
3.70
3.70
3.70
3.70
3.70
3.70
3.70
3.70
3.70
3.70
3.70
3.70
3.70
3.70
3.70
3.70
3.70
3.70
3.70
3.70
3.70
3.70
3.70
3.70
3.71
3.78
3.78
3.78
3.78
3.78
3.78
3.78
3.78
3.78
3.78
3.78
3.78
3.78
3.78
3.78
3.79
3.79
3.79
3.79
3.79
3.79
3.79
3.79
3.79
3.79
3.79
3.79
3.79
3.79
3.79
3.79
3.91
3.91
3.91
3.91
3.91
3.91
3.87
3.87
3.87
3.87
3.87
3.87
3.87
3.87
3.87
3.87
3.87
3.87
3.87
3.87
3.87
3.87
3.87
3.87
3.87
3.87
3.87
3.87
3.87
3.87
3.87
3.87
3.87
3.87
3.87
3.87
3.87
3.87
3.87
3.87
3.87
3.87
3.87
3.87
3.87
3.87
3.87
3.87
3.87
3.87
3.87
3.87
3.87
3.87
3.87
3.87
3.87
3.87
3.82
3.82
3.82
3.82
3.82
3.82
3.82
3.82
3.82
3.82
3.82
3.82
3.82
3.82
3.82
3.82
3.82
3.82
3.82
3.82
3.82
3.82
3.82
3.82
3.93
3.93
3.93
3.93
3.93
3.93
4.00
4.00
4.00
4.00
4.00
3.95
3.95
3.95
3.95
3.95
3.95
3.95
3.95
3.95
3.95
3.95
4.05
4.05
4.05
4.05
4.05
4.05
4.05
4.05
4.05
4.07
4.07
4.07
4.03
4.03
4.08
4.08
4.08
4.08
4.08
4.08
4.08
4.08
4.08
4.08
4.08
4.08
4.08
4.08
4.08
4.08
4.08
4.08
4.08
4.08
4.08
4.08
4.08
4.03
4.03
4.03
4.03
4.03
4.03
4.03
4.03
4.03
4.03
4.03
3.99
3.99
3.99
3.99
3.99
3.99
3.99
3.99
3.99
3.99
3.99
3.99
3.94
3.94
3.94
3.95
3.95
3.95
3.95
3.95
3.95
3.95
3.95
3.95
3.95
3.95
3.95
3.95
3.95
3.91
3.91
3.91
3.91
3.91
3.91
3.91
3.91
3.91
3.91
3.91
3.91
3.91
3.91
3.91
3.91
3.91
3.91
3.91
3.91
3.91
3.91
3.91
3.91
3.91
3.91
3.91
3.91
3.91
3.91
3.91
3.91
3.91
3.91
3.91
3.91
3.91
3.91
3.91
3.91
3.91
3.91
3.91
3.87
3.87
3.87
3.87
3.87
3.86
3.86
3.86
3.86
3.86
3.86
3.86
3.86
3.86
3.86
3.86
3.86
3.90
3.90
3.90
3.90
3.90
3.90
3.90
3.90
3.90
3.90
3.90
3.90
3.90
3.90
3.90
3.90
3.90
3.90
3.90
3.90
3.90
3.90
3.90
3.90
3.90
3.90
3.90
3.90
3.90
3.90
3.90
3.90
3.90
3.90
3.90
3.90
3.90
3.90
3.90
3.90
3.90
3.90
3.86
3.86
3.86
3.86
3.86
3.86
3.86
3.86
3.86
3.86
3.86
3.86
3.86
3.86
3.86
3.83
3.83
3.83
3.79
3.79
3.79
3.79
3.82
3.82
3.82
3.82
3.83
3.83
3.83
3.83
3.83
3.80
3.80
3.80
3.80
3.76
3.76
3.76
3.76
3.76
3.76
3.76
3.73
3.73
3.73
3.73
3.73
3.73
3.73
3.73
3.73
3.73
3.70
3.70
3.70
3.70
3.70
3.70
3.70
3.70
3.70
3.70
3.70
3.70
3.70
3.70
3.70
3.70
3.70
3.67
3.67
3.67
3.72
3.72
3.72
3.81
3.81
3.81
3.81
3.81
3.81
3.81
3.85
3.85
3.85
3.85
3.85
3.85
3.85
3.85
3.85
3.85
3.85
3.85
3.85
3.85
3.85
3.85
3.85
3.85
3.85
3.85
3.85
3.82
3.82
3.82
3.82
3.82
3.82
3.82
3.82
3.82
3.82
3.82
3.82
3.82
3.82
3.82
3.82
3.82
3.82
3.79
3.79
3.79
3.79
3.79
3.79
3.79
3.79
3.79
3.79
3.79
3.79
3.79
3.79
3.79
3.79
3.79
3.79
3.79
3.79
3.79
3.79
3.79
3.79
3.79
3.79
3.79
3.79
3.79
3.79
3.79
3.79
3.79
3.79
3.79
3.79
3.79
3.79
3.79
3.79
3.79
3.76
3.76
3.76
3.76
3.76
3.76
3.76
3.76
3.89
3.89
3.92
3.92
3.92
3.92
3.92
3.92
3.92
3.92
3.92
3.92
3.92
3.92
3.92
3.92
3.92
3.92
3.92
3.92
3.92
3.92
3.92
3.92
3.92
3.92
3.92
3.92
3.92
3.92
3.92
3.92
3.92
3.92
3.89
3.89
3.89
3.89
3.89
3.87
3.87
3.87
3.87
3.87
3.87
3.87
3.87
3.84
3.84
3.84
3.82
3.82
3.82
3.86
3.86
3.86
3.86
3.86
3.86
3.86
3.86
3.86
3.86
3.86
3.86
3.86
3.86
3.86
3.86
3.86
3.86
3.86
3.86
3.86
3.86
3.86
3.86
3.86
3.86
3.86
3.86
3.86
3.86
3.86
3.83
3.83
3.83
3.83
3.83
3.83
3.83
3.83
3.83
3.83
3.83
3.83
3.83
3.83
3.83
3.83
3.83
3.83
3.83
3.83
3.80
3.80
3.80
3.80
3.80
3.80
3.80
3.80
3.80
3.80
3.80
3.80
3.80
3.80
3.80
3.80
3.80
3.80
3.80
3.80
3.80
3.80
3.80
3.80
3.80
3.80
3.80
3.80
3.80
3.80
3.80
3.80
3.80
3.78
3.78
3.78
3.78
3.78
3.78
3.78
3.78
3.78
3.78
3.78
3.78
3.78
3.78
3.78
3.78
3.78
3.82
3.82
3.82
3.82
3.82
3.82
3.82
3.82
3.82
3.82
3.82
3.82
3.82
3.85
3.85
3.85
3.85
3.85
3.85
3.83
3.83
3.83
3.83
3.83
3.83
3.83
3.83
3.83
3.83
3.83
3.83
3.83
3.83
3.83
3.83
3.83
3.83
3.83
3.83
3.83
3.80
3.80
3.80
3.80
3.79
3.79
3.79
3.79
3.79
3.79
3.79
3.79
3.79
3.79
3.79
3.79
3.79
3.79
3.79
3.79
3.79
3.79
3.79
3.79
3.79
3.79
3.79
3.79
3.79
3.79
3.79
3.79
3.79
3.79
3.79
3.79
3.79
3.79
3.79
3.79
3.79
3.79
3.79
3.79
3.79
3.79
3.79
3.79
3.79
3.79
3.79
3.79
3.79
3.79
3.79
3.79
3.79
3.79
3.79
3.79
3.79
3.79
3.79
3.79
3.78
3.79
3.79
3.79
3.79
3.79
3.79
3.79
3.79
3.79
3.79
3.79
3.79
3.79
3.79
3.79
3.79
3.77
3.77
3.77
3.77
3.77
3.77
3.77
3.77
3.77
3.77
3.77
3.77
3.77
3.77
3.77
3.77
3.77
3.77
3.77
3.77
3.77
3.94
3.94
3.94
3.94
3.94
3.94
3.94
3.94
3.94
3.94
3.94
3.94
3.94
3.92
3.92
3.92
3.96
3.96
3.96
3.96
3.96
3.96
3.96
3.96
3.96
3.96
3.96
3.96
3.96
3.96
3.96
3.96
3.96
3.96
3.96
3.96
3.96
3.96
3.93
3.93
3.93
3.93
3.70
3.70
3.70
3.70
3.70
3.70
3.70
3.70
3.70
3.70
3.70
3.70
3.70
3.70
3.70
3.70
3.70
3.70
3.70
3.70
3.70
3.70
3.70
3.70
3.68
3.68
3.68
3.68
3.68
3.68
3.68
3.68
3.68
3.68
3.68
3.68
3.68
3.68
3.68
3.68
3.68
3.68
3.68
3.64
3.62
3.62
3.62
3.62
3.62
3.62
3.62
3.62
3.59
3.59
3.59
3.59
3.59
3.59
3.59
3.59
3.59
3.59
3.59
3.59
3.59
3.59
3.59
3.59
3.59
3.59
3.59
3.59
3.59
3.59
3.59
3.59
3.59
3.59
3.59
3.59
3.59
3.59
3.59
3.59
3.60
3.60
3.60
3.60
3.60
3.60
3.60
3.60
3.60
3.60
3.60
3.60
3.58
3.58
3.58
3.58
3.58
3.58
3.58
3.58
3.58
3.58
3.58
3.58
3.58
3.58
3.58
3.58
3.58
3.58
3.58
3.58
3.58
3.58
3.58
3.58
3.55
3.55
3.55
3.55
3.55
3.55
3.55
3.55
3.55
3.55
3.55
3.55
3.55
3.55
3.55
3.55
3.55
3.55
3.55
3.55
3.55
3.55
3.51
3.51
3.51
3.51
3.51
3.51
3.51
3.51
3.50
3.50
3.50
3.50
3.50
3.50
3.50
3.50
3.50
3.47
3.47
3.47
3.47
3.49
3.49
3.49
3.49
3.49
3.49
3.49
3.49
3.49
3.52
3.52
3.52
3.52
3.52
3.52
3.52
3.52
3.53
3.53
3.53
3.53
3.53
3.53
3.53
3.50
3.50
3.50
3.50
3.50
3.50
3.50
3.50
3.47
3.47
3.47
3.47
3.47
3.47
3.46
3.46
3.46
3.46
3.46
3.46
3.46
3.46
3.46
3.46
3.46
3.46
3.46
3.46
3.46
3.46
3.46
3.46
3.46
3.46
3.46
3.46
3.46
3.46
3.46
3.46
3.46
3.44
3.44
3.44
3.44
3.44
3.44
3.44
3.44
3.44
3.44
3.44
3.44
3.44
3.44
3.44
3.44
3.44
3.44
3.44
3.44
3.44
3.44
3.44
3.44
3.44
3.44
3.44
3.44
3.44
3.44
3.44
3.44
3.44
3.44
3.44
3.44
3.41
3.41
3.41
3.41
3.41
3.41
3.41
3.41
3.41
3.41
3.41
3.41
3.41
3.41
3.41
3.41
3.41
3.41
3.41
3.41
3.41
3.41
3.38
3.38
3.38
3.38
3.38
3.38
3.38
3.38
3.38
3.38
3.38
3.38
3.38
3.38
3.38
3.38
3.38
3.40
3.40
3.40
3.40
3.40
3.40
3.40
3.40
3.40
3.40
3.40
3.40
3.40
3.40
3.40
3.40
3.40
3.40
3.40
3.40
3.46
3.44
3.44
3.44
3.44
3.44
3.44
3.44
3.44
3.44
3.44
3.44
3.44
3.44
3.44
3.44
3.44
3.44
3.44
3.46
3.44
3.44
3.44
3.44
3.44
3.44
3.41
3.41
3.41
3.41
3.41
3.41
3.41
3.41
3.41
3.41
3.41
3.43
3.44
3.44
3.44
3.44
3.44
3.44
3.44
3.44
3.44
3.44
3.44
3.44
3.44
3.44
3.44
3.44
3.44
3.44
3.44
3.44
3.44
3.44
3.44
3.44
3.44
3.44
3.41
3.41
3.41
3.41
3.41
3.40
3.40
3.40
3.40
3.40
3.40
3.40
3.40
3.40
3.40
3.40
3.40
3.40
3.40
3.40
3.40
3.40
3.40
3.40
3.40
3.40
3.40
3.40
3.40
3.40
3.40
3.40
3.40
3.40
3.40
3.40
3.40
3.40
3.40
3.40
3.38
3.38
3.41
3.41
3.41
3.41
3.41
3.41
3.40
3.40
3.40
3.40
3.40
3.38
3.38
3.38
3.38
3.36
3.36
3.36
3.36
3.36
3.36
3.34
3.34
3.34
3.34
3.34
3.34
3.34
3.34
3.34
3.37
3.37
3.37
3.37
3.37
3.37
3.35
3.35
3.35
3.35
3.35
3.35
3.35
3.37
3.37
3.37
3.37
3.37
3.37
3.37
3.37
3.37
3.37
3.37
3.37
3.37
3.37
3.37
3.37
3.37
3.37
3.34
3.34
3.34
3.34
3.34
3.34
3.34
3.34
3.34
3.34
3.34
3.34
3.34
3.34
3.34
3.34
3.34
3.34
3.34
3.34
3.34
3.34
3.34
3.36
3.36
3.36
3.36
3.36
3.36
3.37
3.37
3.37
3.37
3.37
3.37
3.37
3.39
3.39
3.42
3.42
3.42
3.40
3.40
3.40
3.40
3.40
3.40
3.40
3.40
3.40
3.40
3.40
3.40
3.40
3.40
3.40
3.40
3.40
3.40
3.40
3.40
3.40
3.40
3.40
3.40
3.40
3.40
3.40
3.40
3.40
3.40
3.40
3.40
3.40
3.40
3.40
3.40
3.40
3.40
3.40
3.40
3.40
3.38
3.38
3.38
3.38
3.37
3.37
3.37
3.37
3.37
3.37
3.37
3.37
3.37
3.35
3.35
3.35
3.35
3.35
3.35
3.35
3.35
3.35
3.35
3.35
3.35
3.35
3.35
3.35
3.35
3.35
3.35
3.35
3.35
3.35
3.35
3.35
3.35
3.35
3.35
3.35
3.35
3.35
3.35
3.35
3.35
3.35
3.36
3.36
3.36
3.36
3.36
3.36
3.36
3.36
3.36
3.36
3.36
3.36
3.36
3.36
3.36
3.36
3.36
3.36
3.36
3.36
3.36
3.36
3.36
3.36
3.36
3.36
3.36
3.36
3.36
3.36
3.36
3.36
3.36
3.36
3.36
3.36
3.36
3.36
3.36
3.36
3.36
3.36
3.36
3.36
3.36
3.36
3.36
3.36
3.36
3.36
3.36
3.36
3.35
3.35
3.35
3.35
3.35
3.35
3.35
3.35
3.34
3.34
3.34
3.34
3.34
3.34
3.34
3.34
3.34
3.34
3.34
3.34
3.34
3.34
3.34
3.34
3.34
3.34
3.34
3.34
3.34
3.34
3.34
3.34
3.34
3.34
3.34
3.34
3.32
3.32
3.32
3.32
3.32
3.32
3.32
3.32
3.32
3.32
3.33
3.33
3.33
3.33
3.33
3.33
3.32
3.32
3.32
3.30
3.30
3.30
3.30
3.30
3.30
3.30
3.30
3.30
3.30
3.30
3.30
3.30
3.30
3.30
3.30
3.30
3.30
3.30
3.30
3.30
3.30
3.30
3.30
3.30
3.30
3.30
3.29
3.29
3.29
3.29
3.29
3.29
3.29
3.29
3.29
3.29
3.29
3.27
3.27
3.27
3.27
3.27
3.27
3.31
3.31
3.31
3.31
3.31
3.31
3.31
3.31
3.30
3.30
3.30
3.33
3.33
3.33
3.33
3.33
3.33
3.33
3.33
3.33
3.33
3.33
3.33
3.33
3.32
3.32
3.32
3.32
3.32
3.32
3.32
3.32
3.32
3.32
3.32
3.32
3.32
3.32
3.32
3.32
3.32
3.32
3.32
3.32
3.32
3.32
3.32
3.32
3.32
3.32
3.32
3.32
3.32
3.32
3.32
3.32
3.32
3.32
3.32
3.32
3.32
3.32
3.32
3.32
3.32
3.32
3.32
3.32
3.32
3.32
3.32
3.32
3.32
3.32
3.32
3.32
3.32
3.32
3.32
3.32
3.32
3.32
3.32
3.32
3.32
3.32
3.32
3.32
3.32
3.32
3.32
3.32
3.32
3.32
3.30
3.30
3.33
3.33
3.33
3.33
3.33
3.33
3.33
3.33
3.33
3.33
3.33
3.32
3.57
3.57
3.58
3.57
3.57
3.57
3.57
3.57
3.57
3.57
3.57
3.57
3.57
3.57
3.57
3.57
3.57
3.57
3.57
3.57
3.57
3.57
3.57
3.57
3.57
3.57
3.57
3.57
3.57
3.57
3.57
3.56
3.56
3.56
3.56
3.56
3.56
3.56
3.56
3.56
3.56
3.56
3.56
3.56
3.56
3.56
3.56
3.56
3.56
3.56
3.56
3.56
3.56
3.56
3.56
3.56
3.56
3.56
3.56
3.56
3.56
3.56
3.57
3.57
3.57
3.57
3.57
3.57
3.57
3.57
3.57
3.57
3.57
3.57
3.57
3.57
3.57
3.57
3.57
3.57
3.57
3.57
3.57
3.57
3.57
3.57
3.57
3.57
3.57
3.55
3.55
3.55
3.55
3.55
3.55
3.55
3.55
3.55
3.55
3.55
3.55
3.55
3.55
3.55
3.55
3.55
3.55
3.55
3.55
3.55
3.55
3.55
3.55
3.55
3.55
3.55
3.55
3.55
3.55
3.55
3.55
3.55
3.55
3.55
3.55
3.55
3.55
3.55
3.55
3.55
3.55
3.55
3.55
3.55
3.55
3.55
3.55
3.55
3.55
3.55
3.55
3.55
3.55
3.55
3.55
3.55
3.55
3.55
3.56
3.56
3.56
3.56
3.56
3.56
3.56
3.56
3.56
3.56
3.56
3.56
3.56
3.56
3.55
3.55
3.55
3.55
3.55
3.55
3.55
3.55
3.55
3.55
3.55
3.55
3.55
3.55
3.55
3.55
3.55
3.55
3.55
3.55
3.55
3.55
3.55
3.55
3.55
3.55
3.55
3.55
3.55
3.55
3.55
3.55
3.55
3.55
3.55
3.55
3.55
3.55
3.55
3.55
3.55
3.55
3.55
3.55
3.55
3.55
3.55
3.55
3.55
3.55
3.54
3.54
3.54
3.54
3.54
3.54
3.54
3.54
3.54
3.54
3.54
3.54
3.52
3.52
3.52
3.52
3.52
3.52
3.52
3.52
3.52
3.52
3.52
3.52
3.52
3.52
3.52
3.52
3.52
3.52
3.52
3.57
3.57
3.57
3.57
3.57
3.57
3.57
3.57
3.57
3.57
3.57
3.57
3.66
3.66
3.66
3.66
3.66
3.68
3.68
3.68
3.68
3.68
3.68
3.68
3.68
3.68
3.68
3.68
3.68
3.68
3.68
3.68
3.68
3.68
3.68
4.33
4.33
4.33
4.33
4.33
4.33
4.33
4.33
4.33
4.33
4.33
4.33
4.33
4.33
4.33
4.33
4.33
4.33
4.33
4.33
4.33
4.33
4.33
4.33
4.28
4.28
4.28
4.28
4.28
4.28
4.28
4.28
4.28
4.28
4.28
4.28
4.28
4.28
4.28
4.28
4.24
4.24
4.24
4.24
4.24
4.24
4.24
4.24
4.24
4.24
4.24
4.24
4.24
4.24
4.24
4.24
4.24
4.24
4.24
4.24
4.24
4.24
4.24
4.24
4.24
4.24
4.24
4.24
4.24
4.24
4.24
4.24
4.24
4.20
4.20
4.20
4.20
4.20
4.20
4.15
4.15
4.15
4.15
4.15
4.15
4.15
4.15
4.15
4.15
4.15
4.15
4.15
4.15
4.11
4.11
4.11
4.11
4.10
4.09
4.09
4.09
4.09
4.09
4.09
4.09
4.09
4.09
4.09
4.09
4.09
4.09
4.09
4.09
4.09
4.09
4.09
4.09
4.09
4.09
4.09
4.09
4.09
4.09
4.09
4.09
4.09
4.09
4.09
4.09
4.09
4.09
4.09
4.09
4.09
4.09
4.09
4.09
4.09
4.09
4.09
4.09
4.09
4.09
4.09
4.09
4.09
4.09
4.09
4.09
4.09
4.09
4.97
4.97
4.97
4.97
4.97
4.97
4.97
4.97
4.97
4.97
4.97
5.06
5.06
5.06
5.06
5.06
5.06
5.06
5.06
5.06
5.06
5.06
5.06
5.06
5.06
5.06
5.06
5.06
5.06
5.06
5.06
5.06
5.06
5.06
5.06
5.06
5.06
5.06
5.06
5.06
5.06
5.06
5.06
5.06
5.06
5.06
5.06
5.06
5.06
5.06
5.06
5.06
5.06
5.06
5.06
5.06
5.06
5.06
5.06
5.06
5.06
5.06
5.06
5.06
5.06
5.06
5.06
5.06
5.06
5.06
5.06
5.06
5.06
5.06
5.06
5.06
5.06
5.06
5.06
5.06
5.06
5.06
5.06
5.06
5.06
5.06
5.06
5.06
5.00
4.98
4.98
5.02
5.02
5.02
5.02
5.02
5.02
5.02
5.02
4.94
4.94
4.94
4.94
4.94
4.94
4.94
4.94
4.94
4.85
4.85
4.85
4.85
4.85
4.85
4.85
4.85
4.85
4.85
4.85
5.28
5.28
5.28
5.28
5.28
5.28
5.28
5.28
5.28
5.28
5.28
5.28
5.28
5.28
5.28
5.28
5.28
5.28
5.28
5.28
5.28
5.28
5.28
5.20
5.20
5.20
5.20
5.20
5.20
5.20
5.20
5.20
5.20
5.20
5.20
5.20
5.13
5.13
5.13
5.13
5.13
5.13
5.13
5.13
5.13
5.13
5.13
5.13
5.13
5.13
5.13
5.13
5.13
5.13
5.13
5.13
5.13
5.13
5.13
5.13
5.13
5.13
5.13
5.13
5.13
5.13
5.13
5.13
5.13
5.13
5.13
6.04
6.04
6.04
6.04
6.04
6.04
6.04
6.04
5.86
5.86
5.86
5.86
5.86
5.86
5.86
5.86
5.86
5.86
5.86
5.86
5.86
5.86
5.86
5.86
5.86
5.86
5.86
5.86
5.86
5.86
5.86
5.86
5.86
5.70
5.70
5.53
5.53
5.53
5.50
5.50
5.50
5.50
5.50
5.50
5.50
5.50
5.45
5.45
5.45
5.47
5.51
5.39
5.39
5.39
5.39
5.39
5.39
5.39
5.39
5.39
5.39
5.39
5.39
5.39
5.39
5.39
5.27
5.27
5.27
5.27
5.27
5.27
5.27
5.27
5.27
5.27
5.27
5.27
5.27
5.27
5.27
5.27
5.27
5.27
5.27
5.27
5.27
5.27
5.27
5.27
5.15
5.15
5.15
5.15
5.15
5.15
5.15
5.15
5.15
5.15
5.15
5.15
5.15
5.15
5.15
5.15
5.15
5.15
5.15
5.15
5.15
5.15
5.15
5.15
5.15
5.15
5.15
5.15
5.15
5.15
5.15
5.15
5.15
5.15
5.15
5.18
5.18
5.18
5.18
5.18
5.18
5.18
5.18
5.18
5.18
5.18
5.18
5.18
5.07
5.07
5.07
5.07
5.07
5.07
5.07
5.07
5.07
5.07
5.07
5.07
5.07
5.07
5.07
5.07
5.07
5.07
5.07
5.07
5.07
5.07
5.07
5.07
5.07
5.07
5.07
5.07
5.07
4.98
4.98
4.98
4.98
4.98
4.98
4.98
4.98
4.98
4.98
4.98
4.94
4.94
4.94
4.94
4.94
4.94
4.94
4.94
4.94
4.94
4.94
4.94
4.94
4.94
4.94
4.94
4.94
4.94
4.94
4.94
4.94
4.94
4.94
4.94
4.94
4.94
4.94
4.94
4.94
4.94
4.94
4.94
4.94
4.94
4.94
5.22
5.22
5.22
5.22
5.22
5.22
5.22
5.22
5.22
5.22
5.22
5.22
5.22
5.14
5.14
5.14
5.14
5.14
5.14
5.14
5.14
5.14
5.14
5.14
5.14
5.14
5.14
5.14
5.14
5.14
5.14
5.14
5.14
5.14
5.14
5.14
5.14
5.14
5.14
5.14
5.14
5.14
5.14
5.14
5.14
5.14
5.15
5.15
5.15
5.15
5.15
5.06
5.06
4.98
4.91
4.91
4.83
4.83
4.83
4.83
4.83
4.83
4.83
4.83
4.83
4.83
5.53
5.53
5.53
5.53
5.53
5.53
5.53
5.53
5.53
5.53
5.53
5.53
5.53
5.53
5.53
5.53
5.53
5.53
5.53
5.53
5.53
5.53
5.53
5.53
5.53
5.53
5.53
5.53
5.53
5.53
5.53
5.53
5.53
5.53
5.53
5.53
5.53
5.37
5.37
5.21
5.21
5.21
5.21
5.21
5.21
5.21
5.21
5.21
5.21
5.21
5.21
5.21
5.21
5.21
5.21
5.21
5.21
5.21
5.21
5.21
5.21
5.07
5.07
5.07
5.07
5.07
5.07
5.03
5.03
5.03
5.03
5.03
5.03
5.03
4.92
4.92
4.92
4.92
4.92
4.92
4.92
4.92
4.92
4.92
4.92
4.92
4.92
4.92
4.82
4.82
4.82
4.82
4.82
4.82
4.82
4.82
4.82
4.82
4.82
4.82
4.77
4.77
4.77
4.77
4.77
4.77
4.67
4.67
4.67
4.58
4.58
4.58
4.58
4.58
4.58
4.58
4.58
4.58
4.58
4.58
4.58
4.58
4.58
4.58
4.58
4.50
4.42
4.42
4.42
4.42
4.42
4.42
4.42
4.42
4.42
4.42
4.42
4.42
4.42
4.42
4.42
4.42
4.42
4.42
4.42
4.42
4.42
4.42
4.42
4.42
4.42
4.42
4.42
4.42
4.42
4.42
4.35
4.35
4.35
4.35
4.35
4.35
4.35
4.35
4.35
4.35
4.35
4.35
4.35
4.35
4.35
4.35
4.35
4.35
4.35
4.35
4.35
4.27
4.27
4.27
4.27
4.27
4.27
4.27
4.27
4.27
4.27
4.27
4.27
4.27
4.27
4.27
4.27
4.27
4.27
4.27
4.27
4.27
4.27
4.27
4.27
4.27
4.27
4.27
4.27
4.27
4.27
4.27
4.27
4.27
4.27
4.27
4.27
4.27
4.27
4.27
4.27
4.27
4.27
4.27
4.27
4.27
4.27
4.27
4.27
4.27
4.27
4.27
4.27
4.27
4.27
4.27
4.27
4.27
4.27
4.27
4.27
4.27
4.39
4.39
4.39
4.39
4.39
4.39
4.39
4.39
4.39
4.39
4.39
4.39
4.39
4.39
4.39
4.39
4.39
4.39
4.39
4.39
4.39
4.39
4.39
4.39
4.39
4.39
4.39
4.39
4.33
4.33
4.33
4.33
4.33
4.33
4.33
4.33
4.33
4.33
4.26
4.26
4.31
4.31
4.31
4.31
4.31
4.31
4.31
4.31
4.31
4.31
4.31
4.31
5.31
5.31
5.31
5.31
5.31
5.31
5.31
5.31
5.31
5.31
5.31
5.31
5.31
5.31
5.31
5.31
5.31
5.31
5.31
5.31
5.31
5.22
5.22
5.22
5.22
5.22
5.10
5.10
5.10
5.10
5.10
5.10
5.10
5.42
5.42
5.42
5.33
5.33
5.37
5.37
5.37
5.37
5.37
5.37
5.37
5.37
5.37
5.37
5.37
5.37
5.37
5.37
5.37
5.37
5.37
5.37
5.37
5.37
5.37
5.37
5.37
5.37
5.37
5.37
5.37
5.37
5.37
5.37
5.37
5.27
5.27
5.27
5.27
5.27
5.27
5.27
5.27
5.27
5.27
5.27
5.27
5.27
5.27
5.27
5.27
5.27
5.27
5.27
5.27
5.27
5.17
5.17
5.17
5.17
5.17
5.17
5.17
5.17
5.17
5.17
5.07
5.07
5.07
5.07
5.07
5.07
5.07
5.07
5.07
5.07
5.07
5.07
5.07
5.07
5.07
5.07
5.07
5.07
5.07
5.07
5.07
5.07
5.07
5.07
5.07
4.98
4.98
4.98
4.98
4.98
4.98
4.98
4.98
4.98
4.95
4.95
4.91
4.91
4.91
4.91
4.91
4.91
4.91
4.91
4.91
4.91
4.91
4.91
4.91
4.91
4.91
4.91
4.91
4.91
4.91
4.91
4.91
4.91
4.91
4.91
4.91
4.91
4.91
4.91
4.91
4.83
4.83
4.83
4.83
4.76
4.76
4.76
4.76
4.69
4.69
4.69
4.69
4.69
4.69
4.69
4.69
4.69
4.69
4.69
4.69
4.69
4.69
4.62
4.62
4.62
4.62
4.62
4.62
4.62
4.62
4.62
4.62
4.62
4.62
4.62
4.62
4.62
4.62
4.62
4.62
4.62
4.62
4.62
4.62
4.62
4.62
4.62
4.62
4.62
4.62
4.62
4.62
4.54
4.54
4.54
4.54
4.54
4.54
4.54
4.54
4.54
4.54
4.54
4.54
4.54
4.54
4.54
4.54
4.54
4.54
4.54
4.54
4.54
4.54
4.49
4.49
4.49
4.49
4.49
4.49
4.49
4.49
4.49
4.49
4.49
4.49
4.49
4.49
4.49
4.49
4.49
4.49
4.49
4.49
4.49
4.49
4.49
4.49
4.49
4.49
4.49
4.47
4.47
4.51
4.51
4.51
4.51
4.45
4.39
4.39
4.39
4.39
4.39
4.39
4.39
4.39
4.39
4.39
4.39
4.39
4.39
4.39
4.39
4.39
4.39
4.39
4.39
4.39
4.39
4.39
4.39
4.39
4.39
4.39
4.39
4.39
4.39
4.39
4.39
4.33
4.33
4.33
4.33
4.33
4.33
4.33
4.33
4.33
4.33
4.33
4.33
4.33
4.33
4.33
4.33
4.33
4.33
4.33
4.33
4.33
4.33
4.33
4.33
4.33
4.33
4.33
4.33
4.33
4.33
4.33
4.33
4.33
4.33
4.33
4.33
4.28
4.28
4.28
4.28
4.36
4.36
4.36
4.36
4.36
4.36
4.36
4.36
4.36
4.36
4.36
4.36
4.36
4.36
4.36
4.36
4.36
4.36
4.36
4.36
4.36
4.36
4.36
4.36
4.36
4.36
4.36
4.36
4.36
4.36
4.36
4.36
4.36
4.36
4.36
4.36
4.36
4.36
4.36
4.36
4.36
4.36
4.36
4.36
4.36
5.55
5.55
5.55
5.55
5.55
5.55
5.55
5.55
5.55
5.55
5.55
5.55
5.55
5.44
5.44
5.41
5.41
5.41
5.41
5.41
5.41
5.41
5.41
5.41
5.41
5.41
5.41
5.41
5.41
5.41
5.41
5.41
5.41
5.41
5.41
5.41
5.89
5.89
5.89
5.78
5.78
5.78
5.78
5.78
5.78
5.78
5.78
5.78
5.78
5.78
5.78
5.78
5.78
5.78
5.78
5.78
5.78
5.78
5.78
5.78
5.78
5.78
5.78
5.78
5.78
5.78
5.78
5.78
5.78
5.78
5.78
5.78
5.78
5.78
5.78
5.78
5.78
5.78
5.78
5.78
5.78
5.78
5.78
5.78
5.78
5.78
5.78
6.24
6.29
6.29
6.29
6.29
6.29
6.29
6.29
6.29
6.29
6.29
6.29
6.29
6.29
6.29
6.29
6.36
6.36
6.36
6.36
6.36
6.36
6.36
6.32
6.32
6.32
6.32
6.30
6.30
6.30
6.30
6.30
6.30
6.30
6.30
6.30
6.30
6.30
6.30
6.30
6.30
6.30
6.30
6.30
6.30
6.30
6.30
6.30
6.30
6.30
6.30
6.30
6.30
6.30
6.30
6.30
6.30
6.30
6.30
6.30
6.34
6.34
6.34
6.34
6.34
6.34
6.34
6.34
6.34
6.34
6.34
6.34
6.34
6.34
6.34
6.34
6.34
6.34
6.34
6.34
6.34
6.34
6.34
6.34
6.25
6.25
6.25
6.25
6.25
6.25
6.25
6.25
6.25
6.25
6.25
6.25
6.25
6.25
6.25
6.25
6.25
6.25
6.23
6.13
6.13
6.13
6.13
6.13
6.13
6.13
6.13
6.13
6.13
6.13
6.13
6.13
6.13
6.13
6.13
6.16
6.16
6.16
6.16
6.16
6.16
6.16
6.16
6.16
6.16
6.16
6.16
6.16
6.16
6.16
6.16
6.16
6.16
6.16
6.16
6.16
6.16
6.16
6.08
6.08
5.98
5.98
5.98
5.98
5.98
5.98
5.98
5.98
5.98
5.98
5.98
5.98
5.98
5.98
5.97
5.97
5.97
5.90
5.90
5.83
5.83
5.83
5.83
5.83
5.83
5.83
5.79
5.79
5.79
5.79
5.79
5.79
5.79
5.79
5.79
5.79
5.79
5.79
5.79
5.79
5.79
5.79
5.79
5.79
5.79
5.79
5.71
5.71
5.71
5.71
5.71
5.71
5.71
5.71
5.71
5.71
5.71
5.71
5.71
5.71
5.64
5.64
5.64
5.64
5.64
5.64
5.64
5.64
5.64
5.64
5.64
5.64
5.64
5.64
5.64
5.64
5.64
5.64
5.64
5.64
5.64
5.64
5.64
5.64
5.64
5.64
5.64
5.64
5.64
5.64
5.64
5.64
5.64
5.64
5.64
5.64
5.64
5.58
5.58
5.58
5.58
5.58
5.58
5.58
5.58
5.58
5.58
5.58
5.58
5.58
5.58
5.58
5.58
5.58
5.58
5.58
5.58
5.58
5.51
5.51
5.51
5.51
5.51
5.51
5.51
5.51
5.51
5.48
5.48
5.48
5.48
5.48
5.48
5.48
5.48
5.48
5.48
5.48
5.48
5.48
5.48
5.48
5.48
5.48
5.48
5.48
5.48
5.48
5.48
5.48
5.48
5.48
5.48
5.48
5.48
5.48
5.48
5.48
5.48
5.48
5.48
5.43
5.43
5.43
5.43
5.43
5.43
5.43
5.43
5.43
5.43
5.43
5.43
5.43
5.67
5.67
5.67
5.67
5.67
5.67
5.67
5.67
5.67
5.67
5.67
5.67
5.67
5.67
5.67
5.67
5.67
5.67
5.67
5.67
5.67
5.67
5.67
5.67
5.67
5.67
5.67
5.67
5.67
5.67
5.67
5.67
5.67
5.67
5.67
5.67
5.67
5.67
5.67
5.67
5.67
5.67
5.67
5.67
5.67
5.67
5.67
5.67
5.67
5.67
5.67
5.67
5.67
5.67
5.67
5.67
5.67
5.67
5.62
5.62
5.62
5.62
5.62
5.62
5.62
5.62
5.62
5.62
5.62
5.62
5.62
5.62
5.62
5.62
5.62
5.62
5.62
5.62
5.62
5.62
5.62
5.62
5.62
5.62
5.62
5.62
5.62
5.62
5.62
5.62
5.62
5.62
5.62
5.62
5.62
5.62
5.62
5.62
5.62
5.62
5.62
5.62
5.62
5.62
5.62
5.62
5.62
5.62
5.62
5.62
5.62
5.62
5.56
5.56
5.56
5.56
5.56
5.56
5.51
5.46
5.46
5.46
5.46
5.46
5.46
5.46
5.46
5.40
5.40
5.40
5.40
5.40
5.40
5.40
5.40
5.40
5.42
5.42
5.42
5.42
5.42
5.42
5.42
5.42
5.42
5.42
5.42
5.42
5.42
5.42
5.42
5.42
5.42
5.42
5.42
5.38
5.38
5.38
5.38
5.38
5.38
5.38
5.38
5.38
5.38
5.38
5.38
5.38
5.38
5.38
5.38
5.38
5.38
5.38
5.38
5.38
5.38
5.38
5.38
5.38
5.33
5.33
5.33
5.33
5.33
5.33
5.33
5.33
5.33
5.33
5.33
5.33
5.33
5.33
5.31
5.31
5.31
5.31
5.31
5.31
5.31
5.31
5.31
5.31
5.31
5.31
5.31
5.31
5.31
5.31
5.30
5.30
5.25
5.25
5.25
5.25
5.25
5.25
5.25
5.25
5.25
5.25
5.25
5.25
5.29
5.25
5.25
5.25
5.25
5.25
5.25
5.25
5.25
5.25
5.25
5.25
5.25
5.25
5.25
5.25
5.25
5.25
5.25
5.25
5.25
5.25
5.25
5.25
5.25
5.25
5.25
5.25
5.25
5.25
5.25
5.25
5.25
5.25
5.25
5.25
5.25
5.25
5.25
5.25
5.25
5.25
5.25
5.25
5.25
5.25
5.24
5.24
5.24
5.24
5.24
5.24
5.24
5.24
5.24
5.24
5.24
5.24
5.24
5.24
5.24
5.24
5.20
5.20
5.20
5.20
5.20
5.20
5.20
5.20
5.20
5.20
5.20
5.20
5.20
5.20
5.20
5.20
5.20
5.20
5.20
5.20
5.20
5.20
5.20
5.20
5.20
5.20
5.20
5.20
5.20
5.39
5.39
5.39
5.30
5.30
5.30
5.30
5.30
5.30
5.30
5.30
5.30
5.30
5.30
5.30
5.30
5.30
5.30
5.30
5.30
5.30
5.30
5.30
5.30
5.30
5.30
5.23
5.15
5.15
5.15
5.15
5.15
5.15
5.07
5.07
5.07
5.07
5.07
5.07
5.07
5.07
5.07
5.07
5.07
5.07
5.07
5.07
5.07
5.07
5.07
5.07
5.07
5.07
5.07
5.07
5.07
5.07
5.07
5.07
5.07
5.07
5.07
5.07
5.07
5.07
5.07
5.07
5.07
5.07
5.07
5.07
5.07
5.07
5.07
5.07
5.07
5.07
5.07
5.07
5.07
5.07
5.07
5.07
5.07
5.07
5.07
5.07
5.07
5.07
5.07
5.07
5.07
5.07
5.07
5.07
5.07
5.07
5.07
5.07
5.07
4.99
4.99
4.99
4.99
4.99
4.99
4.99
4.95
4.95
4.95
4.95
4.95
4.95
4.95
4.95
4.98
4.98
4.98
4.98
4.98
4.98
4.98
4.98
4.98
4.98
4.94
4.94
4.94
4.94
4.94
4.94
4.94
4.94
4.94
4.94
4.94
4.94
4.94
4.94
4.94
4.94
4.94
4.89
4.89
4.89
4.89
4.89
4.89
4.89
4.83
4.83
4.83
4.83
4.83
4.83
4.83
4.83
4.83
4.83
4.83
4.83
4.83
4.83
4.83
4.83
4.83
4.83
4.83
4.83
4.83
4.83
4.83
4.83
4.83
4.83
4.83
4.83
4.83
4.83
4.83
4.83
4.83
4.83
4.83
4.83
4.83
4.83
4.83
4.77
4.77
4.77
4.77
4.77
4.77
4.77
4.77
4.77
4.77
4.77
4.78
4.76
4.76
4.76
4.76
4.76
4.76
4.76
4.76
4.76
4.76
4.76
4.76
4.76
4.76
4.76
4.76
4.76
4.76
4.76
4.76
4.76
4.76
4.76
4.76
4.76
4.76
4.76
4.76
4.76
4.76
4.76
4.76
4.72
4.72
4.72
4.72
4.72
4.72
4.72
4.72
4.72
4.72
4.72
4.72
4.72
4.72
4.72
4.72
4.72
4.72
4.72
4.72
4.72
4.70
4.70
4.70
4.70
4.70
4.70
4.70
4.70
4.70
4.70
4.70
4.65
4.65
4.65
4.65
4.65
4.65
4.65
4.65
4.65
4.65
4.65
4.65
4.65
4.65
4.65
4.65
4.65
4.65
4.65
4.65
4.65
4.65
4.65
4.65
4.65
4.65
4.65
4.65
4.65
4.65
4.65
4.65
4.65
4.65
4.65
4.65
4.65
4.65
4.65
4.65
4.65
4.65
4.65
4.65
4.65
4.65
4.65
4.65
4.65
4.65
4.65
4.65
4.65
4.65
4.65
4.65
4.65
4.65
4.65
4.65
4.65
4.65
4.65
4.65
4.65
4.60
4.60
4.60
4.60
4.60
4.60
4.60
4.60
4.60
4.60
4.60
4.60
4.60
4.60
4.60
4.60
4.60
4.60
4.60
4.60
4.60
4.60
4.60
4.60
4.60
4.60
4.60
4.60
4.60
4.60
4.60
4.60
4.60
4.60
4.93
4.93
4.93
4.93
4.95
4.95
4.95
4.95
4.97
4.97
4.97
4.97
4.97
4.97
4.97
4.97
4.97
4.97
4.97
4.97
4.97
4.97
4.97
4.97
4.97
4.97
4.97
4.97
4.97
4.97
4.97
4.97
4.97
4.97
4.97
4.97
4.97
4.97
4.97
4.97
4.97
4.97
4.97
4.97
4.97
4.97
4.95
4.95
4.95
4.95
4.95
4.95
4.95
4.95
4.95
4.95
4.95
4.95
4.95
4.95
4.95
4.95
4.95
4.95
4.95
4.95
4.95
4.95
4.95
4.95
4.95
4.95
4.95
4.95
4.95
4.93
4.93
4.89
4.89
4.89
4.89
4.89
4.89
4.89
4.89
4.89
4.89
4.89
4.89
4.89
4.89
4.89
4.89
4.89
4.89
4.89
4.89
4.89
4.89
4.89
4.89
4.84
4.84
4.84
4.84
4.84
4.84
4.84
4.84
4.82
4.82
4.82
4.82
4.82
4.82
4.82
4.82
4.82
4.82
4.82
4.82
4.82
4.82
4.82
4.82
4.82
4.82
4.82
4.82
4.82
4.82
4.82
4.82
4.88
4.83
4.83
4.83
4.83
4.83
4.83
4.83
4.83
4.83
4.83
4.83
4.83
4.83
4.83
4.83
4.83
4.83
4.83
4.87
4.87
4.87
4.87
4.86
4.86
4.86
4.86
4.86
4.86
4.86
4.86
4.86
4.84
4.84
4.84
4.84
4.84
4.84
4.85
4.85
4.85
4.85
4.85
4.85
4.85
4.85
4.85
4.85
4.85
4.85
4.85
4.85
4.85
4.85
4.85
4.85
4.85
4.85
4.85
4.85
4.85
4.85
4.85
4.85
4.85
4.85
4.85
4.85
4.85
4.85
4.85
4.85
4.85
4.85
4.85
4.88
4.88
4.88
4.88
4.88
4.84
4.84
4.84
4.84
4.84
4.84
4.84
4.84
4.84
4.84
4.84
4.84
4.84
4.84
4.84
4.84
4.84
4.84
4.84
4.84
4.81
4.81
4.81
4.81
4.81
4.81
4.81
4.81
4.81
4.81
4.81
4.81
4.81
4.82
4.82
4.82
4.82
4.82
4.82
4.82
4.82
4.82
4.83
4.83
4.83
4.83
4.79
4.79
4.79
4.79
4.79
4.79
4.79
4.75
4.75
4.75
4.75
4.75
4.75
4.75
4.75
4.75
4.75
4.75
4.77
4.77
4.77
4.77
4.77
4.77
4.77
4.77
4.77
4.77
4.77
4.77
4.77
4.77
4.77
4.77
4.77
4.77
4.77
4.77
4.77
4.77
4.77
4.77
4.77
4.77
4.77
4.77
4.77
4.77
4.77
4.77
4.77
4.77
4.77
4.77
4.77
4.77
4.77
4.77
4.77
4.77
4.78
4.78
4.78
4.78
4.78
4.78
4.78
4.78
4.78
4.78
4.78
4.78
4.78
4.78
4.78
4.78
4.78
4.78
4.78
4.78
4.78
4.78
4.74
4.74
4.74
4.74
4.74
4.74
4.74
4.74
4.74
4.74
4.74
4.78
4.78
4.78
4.78
4.78
4.78
4.78
4.78
4.78
4.78
4.78
4.78
4.78
4.78
4.78
4.78
4.78
4.78
4.78
4.78
4.78
4.78
4.78
4.78
4.78
4.78
4.78
4.78
4.78
4.78
4.78
4.78
4.78
4.78
4.78
4.78
4.78
4.78
4.78
4.78
4.78
4.78
4.78
4.78
4.78
4.78
4.78
4.78
4.78
4.78
4.78
4.78
4.78
4.74
4.74
4.74
4.74
4.74
4.74
4.74
4.74
4.74
4.74
4.74
4.74
4.74
4.74
4.74
4.74
4.74
4.74
4.74
4.74
4.74
4.71
4.71
4.71
4.71
4.71
4.78
4.78
4.80
4.80
4.80
4.80
4.80
4.80
4.80
4.80
4.80
4.80
4.80
4.80
4.80
4.80
4.80
4.80
4.80
4.81
4.81
4.81
4.81
4.81
4.81
4.81
4.81
4.81
4.81
4.81
4.81
4.81
4.81
4.81
4.81
4.81
4.81
4.81
4.81
4.77
4.77
4.77
4.77
4.77
4.77
4.77
4.77
4.77
4.77
4.77
4.77
4.77
4.77
4.77
4.77
4.77
4.77
4.77
4.77
4.77
4.79
4.79
4.79
4.79
4.79
4.79
4.78
4.78
4.78
4.78
4.78
4.78
4.78
4.78
4.78
4.78
4.78
4.78
4.78
4.78
4.78
4.78
4.78
4.78
4.78
4.78
4.78
4.78
4.78
4.78
4.78
4.78
4.77
4.77
4.77
4.77
4.77
4.77
4.77
4.77
4.77
4.77
4.77
4.77
4.77
4.77
4.78
4.78
4.78
4.78
4.78
4.78
4.78
4.78
4.78
4.78
4.78
4.80
4.77
4.77
4.77
4.77
4.77
4.77
4.77
4.76
5.57
5.57
5.57
5.49
5.49
5.49
5.49
5.49
5.49
5.49
5.49
5.49
5.49
5.49
5.41
5.41
5.41
5.41
5.41
5.41
5.41
5.41
5.41
5.41
5.41
5.41
5.41
5.41
5.41
5.41
5.41
5.41
5.41
5.41
5.41
5.41
5.41
5.41
5.41
5.41
5.41
5.41
5.41
5.41
5.34
5.34
5.34
5.34
5.34
5.34
5.34
5.34
5.34
5.34
5.34
5.34
5.34
5.34
5.34
5.34
5.32
5.32
5.32
5.32
5.32
5.32
5.32
5.32
5.32
5.47
5.47
5.47
5.47
5.42
5.42
5.42
5.42
5.42
5.36
5.36
5.36
5.36
5.36
5.36
5.36
5.36
5.36
5.36
5.36
5.36
5.36
5.36
5.36
5.36
5.36
5.36
5.36
5.35
5.35
5.35
5.35
5.35
5.35
5.35
5.35
5.35
5.31
5.31
5.31
5.31
5.31
5.31
5.31
5.31
5.31
5.31
5.31
5.31
5.31
5.31
5.31
5.31
5.31
5.31
5.31
5.31
5.31
5.31
5.31
5.31
5.31
5.30
5.30
5.30
5.30
5.30
5.30
5.30
5.30
5.30
5.30
5.30
5.30
5.30
5.30
5.35
5.35
5.35
5.35
5.35
5.35
5.35
5.35
5.35
5.35
5.35
5.35
5.35
5.35
5.35
5.35
5.35
5.35
5.35
5.35
5.35
5.35
5.35
5.35
5.35
5.35
5.35
5.35
5.35
5.35
5.35
5.35
5.35
5.35
5.35
5.35
5.35
5.35
5.35
5.35
5.35
5.35
5.35
5.35
5.35
5.35
5.35
5.35
5.35
5.35
5.35
5.35
5.35
5.35
5.35
5.35
5.35
5.35
5.35
5.35
5.35
5.35
5.35
5.35
5.35
5.35
5.35
5.35
5.29
5.29
5.29
5.29
5.29
5.29
5.29
5.29
5.29
5.29
5.29
5.29
5.29
5.24
5.24
5.24
5.24
5.24
5.24
5.24
5.19
5.19
5.19
5.19
5.19
5.19
5.19
5.19
5.19
5.19
5.19
5.19
5.19
5.19
5.19
5.19
5.19
5.19
5.19
5.19
5.19
5.19
5.19
5.19
5.19
5.19
5.19
5.19
5.19
5.19
5.19
5.19
5.19
5.19
5.19
5.19
5.19
5.28
5.22
5.22
5.22
5.22
5.22
5.18
5.18
5.18
5.18
5.18
5.18
5.18
5.18
5.18
5.18
5.18
5.18
5.18
5.13
5.13
5.13
5.13
5.13
5.13
5.13
5.13
5.13
5.13
5.13
5.13
5.13
5.13
